subreddit_name
4chan
AbandonedPorn
adventuretime
AdviceAnimals
AnimalsBeingJerks
anime
arresteddevelopment
AskReddit
aww
awwnime
batman
battlefield3
bestof
breakingbad
britishproblems
carporn
circlejerk
comicbooks
comics
community
cosplay
CrazyIdeas
creepy
creepyPMs
cringe
cringepics
DaftPunk
darksouls
doctorwho
DoesAnybodyElse
DotA2
DunderMifflin
EarthPorn
facepalm
Fallout
FanTheories
fatpeoplestories
fffffffuuuuuuuuuuuu
FiftyFifty
firstworldanarchists
FoodPorn
funny
futurama
gamegrumps
gameofthrones
Games
gaming
geek
gifs
harrypotter
HIMYM
hiphopheads
HistoryPorn
IAmA
Jokes
JusticePorn
KerbalSpaceProgram
leagueoflegends
magicTCG
MapPorn
masseffect
mildlyinfuriating
mildlyinteresting
mindcrack
Minecraft
movies
MURICA
Music
mylittlepony
Naruto
nosleep
nostalgia
nottheonion
OldSchoolCool
onetruegod
Pareidolia
PerfectTiming
pettyrevenge
photoshopbattles
pics
Planetside
pokemon
polandball
QuotesPorn
rage
reactiongifs
RoomPorn
roosterteeth
skyrim
starcraft
startrek
StarWars
TalesFromRetail
tf2
TheLastAirbender
TheSimpsons
thewalkingdead
TrollXChromosomes
TumblrInAction
Unexpected
videos
wallpapers
wheredidthesodago
woahdude
wow
WTF
youtubehaiku
zelda
